1773955680914 -75.816243111527 0
1773955680933 -131.47291251895885 1
1773955680969 -184.6773327657955 2
1773955681003 -196.4836032263474 3
1773955681022 -217.8752898455215 4
1773955681042 -192.3999189815214 5
1773955681061 -204.36956702772744 6
1773955681088 -186.2508421422297 7
1773955681101 -175.19182518937498 8
1773955681122 -189.31716566908094 9
1773955681138 -186.16375620892984 10
1773955681155 -195.07954816841865 11
1773955681202 -186.14872325992607 12
1773955681218 -166.29829019569314 13
1773955681233 -162.29856448854468 14
1773955681257 -164.40663810662608 15
1773955681274 -162.18849244180535 16
1773955681310 -189.96114604222686 17
1773955681338 -204.91378435888606 18
1773955681356 -182.1042559771924 19
1773955681406 -207.84533643383506 20
1773955681457 -190.25944205767675 21
1773955681477 -200.00139007924105 22
1773955681540 -224.62805757127322 23
1773955681563 -228.68935772716708 24
1773955681579 -235.01875552533357 25
1773955681593 -230.04264703937787 26
1773955681618 -219.31874001138482 27
1773955681634 -217.39534302348193 28
1773955681672 -241.1275211800024 29
1773955681696 -239.29559283270729 30
1773955681713 -262.24638233999605 31
1773955681734 -263.92440782791556 32
1773955681753 -266.9745550736411 33
1773955681775 -268.68839879913526 34
1773955681806 -267.6458441865537 35
1773955681823 -265.0617979651018 36
1773955681844 -247.02640069512307 37
1773955681878 -247.8183928085743 38
1773955681897 -218.15749983419104 39
1773955681910 -203.3565062620275 40
1773955681923 -183.7091356708601 41
1773955681940 -153.79995954809945 42
1773955681957 -129.91677882383803 43
1773955681975 -128.92368976957778 44
1773955682037 -127.09727104264394 45
1773955682053 -110.47536902335473 46
1773955682071 -134.24005297926948 47
1773955682094 -142.21630245325633 48
1773955682110 -150.72932293061643 49
1773955682131 -165.54183377660505 50
1773955682150 -162.03253799953666 51
1773955682167 -160.40135515831292 52
1773955682207 -182.007401787558 53
1773955682227 -159.47819683871202 54
1773955682247 -175.36629012004818 55
1773955682272 -181.69202601768689 56
1773955682286 -162.02055813203864 57
1773955682300 -136.74437911187619 58
1773955682320 -155.2831900975762 59
1773955682336 -159.46719123347924 60
1773955682353 -179.61170386841818 61
1773955682370 -204.40447745383284 62
1773955682389 -208.54565137776663 63
1773955682404 -225.5120451400745 64
1773955682424 -227.25255948767645 65
1773955682439 -230.00727090736132 66
1773955682459 -224.50257128346956 67
1773955682482 -253.474998198778 68
1773955682523 -250.6800550294153 69
1773955682545 -246.81175276612575 70
1773955682566 -244.14395009897112 71
1773955682580 -224.11004552673975 72
1773955682597 -220.78303843750322 73
1773955682615 -220.6679739210486 74
1773955682640 -220.43254931940692 75
1773955682671 -231.33147805868947 76
1773955682694 -243.0496979408149 77
1773955682733 -241.0413581635527 78
1773955682751 -240.87397432637536 79
1773955682776 -239.02375622691562 80
1773955682798 -240.3784163707559 81
1773955682816 -269.21533968472846 82
1773955682833 -270.4728117987569 83
1773955682863 -265.429717266096 84
1773955682880 -237.3354958485886 85
1773955682898 -248.2875391928269 86
1773955682928 -262.753485890946 87
1773955683677 -236.32589306273275 88
1773955684464 -240.24043272799653 89
1773955685662 -237.6397479623543 90
1773955686719 -215.20488272470578 91
1773955687419 -204.10666872266964 92
1773955688599 -187.95836711939143 93
1773955689431 -203.778040058542 94
1773955690161 -240.54156340402602 95
1773955690876 -235.7663014428721 96
1773955691761 -226.5307831570539 97
1773955693509 -235.93056646266467 98
1773955696319 -226.025346110887 99
1773955704580 -224.9392605199992 100
1773955707543 -255.62594332386425 101
1773955708485 -251.52510234869723 102
1773955713984 -265.97113098544264 103
1773955715545 -241.27167003763657 104
1773955716618 -208.7936484507009 105
1773955727303 -194.59778320946538 106
1773955737436 -183.51585860630792 107
1773955747180 -199.02685979713866 108
1773955751427 -188.40185847771718 109
1773955764137 -185.86204521264708 110
1773955772719 -153.36248371228857 111
1773955786104 -144.26864199057235 112
1773955797702 -124.47313283552083 113
1773955809186 -116.39167025724032 114
1773955819947 -118.02430671782433 115
1773955826692 -118.35338480564819 116
1773955834625 -123.73717160704473 117
1773955846754 -100.29840483735953 118
1773955851814 -64.47420173120261 119
1773955862468 -53.44899973499891 120
1773955873604 -53.187959869132655 121
1773955883379 -52.7607481452809 122
1773955892007 -48.29746440016286 123
1773955901037 -50.72588567942072 124
1773955910968 -55.27353991510324 125
1773955921290 -47.46837594411441 126
1773955933180 -38.83824045288829 127
1773955943781 -42.312463075472564 128
1773955952954 -76.39852404916405 129
1773955961383 -74.04869722365883 130
1773955970576 -82.9969686543764 131
1773955980160 -86.22443210881268 132
1773955989375 -91.99043034778217 133
1773955998564 -97.10373618605999 134
1773956008076 -96.80835010289864 135
1773956009289 -89.94693116079551 136
1773956019094 -90.3149711250506 137
1773956029766 -88.26838920071125 138
1773956039956 -89.4787028274317 139
1773956050968 -95.60006384145757 140
1773956055467 -85.19852499635903 141
1773956060129 -55.87875671729271 142
1773956069904 -54.404824152551285 143
1773956080563 -50.56423363267508 144
1773956091711 -51.358988152875874 145
1773956101246 -65.25079352513951 146
1773956110601 -68.53988481883098 147
1773956119343 -68.14558975453157 148
1773956130331 -67.05094759560012 149
1773956140350 -61.45291908979372 150
1773956148981 -63.90435634413692 151
1773956157780 -89.96427418106607 152
1773956166666 -93.69576237361824 153
1773956176072 -96.12691155088821 154
1773956185724 -94.77943410570504 155
1773956187834 -85.82442809716643 156
1773956196979 -86.4789601688162 157
1773956206141 -85.9401497558582 158
1773956217051 -86.002331010674 159
1773956224997 -93.17094819164262 160
1773956236482 -96.08284146556846 161
1773956245603 -96.08392229282842 162
1773956257232 -94.42704416172329 163
1773956269427 -97.22429496048365 164
1773956278971 -96.28350421297957 165
1773956289377 -104.33246361590925 166
1773956301277 -104.12147342597356 167
1773956312729 -97.31131673003387 168
1773956324858 -100.25272722062849 169
1773956336547 -95.82644273357224 170
1773956337665 -97.57727109651549 171
1773956343754 -103.8355082196872 172
1773956354763 -102.65519320674164 173
1773956356345 -99.63708437040063 174
1773956365856 -110.11093422843848 175
1773956376023 -100.76968487868427 176
1773956385161 -117.58956258436925 177
1773956395366 -122.7953125624964 178
1773956405325 -126.29275839399925 179
1773956417528 -123.2143187607018 180
1773956428228 -124.4242734099569 181
1773956437620 -118.59400774215615 182
1773956439335 -119.64730490776788 183
1773956448541 -120.02007361497242 184
1773956457226 -108.29479191471125 185
1773956466338 -115.91317496633965 186
1773956476986 -100.63574426362956 187
1773956486793 -104.57432336041843 188
1773956490286 -92.851823717151 189
1773956500512 -88.9834845896934 190
1773956509950 -81.07988209906209 191
1773956510991 -80.41448795504334 192
1773956521122 -79.06841257183437 193
1773956530332 -74.94453597515974 194
1773956539414 -73.49337729524763 195
1773956549496 -69.0751011206694 196
1773956559142 -59.194499186204986 197
1773956569386 -58.00776736262626 198
1773956579320 -63.31735533168116 199
1773956587849 -62.84533840422724 200
1773956596587 -64.21486866672235 201
1773956605794 -63.63114855945895 202
1773956616831 -60.839771798520744 203
1773956626968 -65.87682241678877 204
1773956637245 -66.29592471687154 205
1773956648436 -71.69031179804624 206
1773956658903 -76.25029392473084 207
1773956669911 -76.62710513989063 208
1773956680179 -76.1189031387757 209
1773956691595 -83.10732486058643 210
1773956701697 -81.27831902351768 211
1773956712240 -84.66468478174879 212
1773956721378 -83.3097480682022 213
1773956732259 -75.47756317857912 214
1773956742820 -75.88250983691044 215
1773956751465 -75.63204072340702 216
1773956760447 -75.4321182670345 217
1773956769735 -71.05698619149517 218
1773956779148 -66.22955908773208 219
1773956789713 -67.10984890163985 220
1773956798966 -69.82363955956754 221
1773956809030 -67.82362238903559 222
1773956819370 -69.75578585378801 223
1773956828364 -69.97677583770272 224
1773956838600 -70.28267458776993 225
1773956848227 -61.06165816124341 226
1773956857615 -63.679598163790516 227
1773956867988 -66.34648417694874 228
1773956878430 -71.94097511779059 229
1773956888518 -69.55629404840484 230
1773956897297 -74.60991572146129 231
1773956908393 -73.82776543189864 232
1773956909405 -78.29054381525053 233
1773956918658 -82.94372854674775 234
1773956930359 -79.61112719438717 235
1773956939453 -81.47351032115178 236
1773956949999 -82.24198480492967 237
1773956959894 -85.26094540597916 238
1773956968629 -77.71265599165547 239
1773956978164 -72.37461716953733 240
1773956988919 -66.83182398513067 241
1773956998052 -65.57023420607544 242
1773957006776 -57.18756768851548 243
1773957016323 -59.836185048757 244
1773957025107 -60.629035297309294 245
1773957035827 -65.35117834183283 246
1773957045571 -62.21466417412612 247
1773957054097 -54.27015725180074 248
1773957062751 -60.05765620485452 249
1773957073901 -63.56904272840103 250
1773957086143 -68.8034014228141 251
1773957095794 -63.193692768229695 252
1773957104485 -69.31834773482737 253
1773957115923 -68.69395313883896 254
1773957124940 -68.83033848227838 255
1773957135266 -65.71251915451576 256
1773957145330 -63.22884497277191 257
1773957155256 -66.60034373724096 258
1773957165616 -65.06351099563126 259
1773957174631 -63.48440460821492 260
1773957184713 -59.86830881085139 261
1773957195413 -62.944641470039265 262
1773957206553 -60.54858653502928 263
1773957215486 -57.0666464198584 264
1773957224368 -57.44396485109634 265
1773957235073 -55.1904169748946 266
1773957244367 -56.345543963955336 267
1773957254611 -57.357162795789144 268
1773957266935 -58.23572535090784 269
1773957275883 -60.721744888395335 270
1773957285145 -62.98514320453362 271
1773957294284 -64.31929904325206 272
1773957303753 -61.42877282173259 273
1773957313969 -60.17301655266582 274
1773957326362 -60.7930879451947 275
1773957335054 -63.56373402554277 276
1773957345728 -67.43327873479039 277
1773957356253 -69.24444378094215 278
1773957366952 -73.12721877506483 279
1773957375724 -68.84513486566276 280
1773957385730 -61.54958026110995 281
1773957394569 -64.11381352618952 282
1773957404731 -65.45560443277414 283
1773957406432 -66.62550279019646 284
1773957416504 -69.6347823211127 285
1773957426755 -73.83595614663106 286
1773957437459 -71.78666276621352 287
1773957447908 -66.78603028235655 288
1773957458283 -62.46847330146427 289
1773957469694 -66.42334102989305 290
1773957480225 -75.0567351055888 291
1773957490220 -74.67526271467055 292
1773957500538 -74.59174835800766 293
1773957509256 -73.75573979830118 294
1773957518727 -74.97532340722704 295
1773957527605 -71.8957995786495 296
1773957537202 -74.52703445697787 297
1773957546451 -79.2600323839973 298
1773957557375 -80.62743001864469 299
1773957567636 -81.57914473118676 300
1773957576543 -77.58284554525929 301
1773957585296 -73.6330753050134 302
1773957594799 -77.50579450374879 303
1773957603635 -76.09131214036515 304
1773957612394 -71.30890451812652 305
1773957621885 -72.97251373466516 306
1773957630501 -67.63055231850755 307
1773957639063 -66.04863258902756 308
1773957648986 -66.98491044784467 309
1773957658642 -66.25141274989267 310
1773957668803 -66.5069353728768 311
1773957679580 -69.91315815298681 312
1773957689467 -62.05417159070031 313
1773957698155 -67.24867549502176 314
1773957708871 -63.05396591213231 315
1773957718658 -64.39668086605937 316
1773957727710 -66.32948277035848 317
1773957738979 -68.21702938935906 318
1773957747985 -65.33051253285187 319
1773957758026 -60.02763297204007 320
1773957769251 -59.47381520692621 321
1773957781298 -57.220121182753175 322
1773957791121 -65.89843418732059 323
1773957800718 -60.53251931012837 324
1773957812135 -66.36879825753165 325
1773957821015 -62.77415467831006 326
1773957831320 -56.97508624291275 327
1773957841588 -50.3028990440502 328
1773957851193 -51.26969916020403 329
1773957860040 -56.008592984927965 330
1773957870344 -52.350730742210985 331
1773957880297 -52.35480663511932 332
1773957891016 -46.002849096858554 333
1773957901654 -49.288025550252 334
1773957910858 -44.34229175499014 335
1773957921291 -39.886738524579386 336
1773957934050 -43.86413316936033 337
1773957944488 -46.31376196215744 338
1773957954218 -43.873827053940026 339
1773957964222 -43.96859659858418 340
1773957975906 -49.759205316807105 341
1773957987052 -52.30368189960203 342
1773957997734 -49.51087828185544 343
1773958007926 -52.652255834296476 344
1773958017885 -55.43423002157002 345
1773958028146 -57.54566334633539 346
1773958038831 -62.6751892137828 347
1773958048696 -67.91984930963207 348
1773958058903 -69.7329708545968 349
1773958069767 -64.94511468170583 350
1773958080790 -59.71618691869655 351
1773958091009 -58.90235056112705 352
1773958100897 -65.44986307301683 353
1773958111363 -58.72736727583081 354
1773958121956 -59.51513733083878 355
1773958133862 -61.38776567604403 356
1773958145384 -53.57582826027941 357
1773958158304 -50.23083448780858 358
1773958170020 -46.20876875271462 359
1773958180838 -44.33184620351527 360
1773958191964 -43.81324657421914 361
1773958201924 -38.39221619275187 362
1773958212944 -35.30371799192002 363
1773958222968 -34.68429569415857 364
1773958232875 -30.90362700049635 365
1773958244033 -30.68422059008904 366
1773958254424 -36.00706970326591 367
1773958265064 -38.27364754912812 368
1773958274615 -39.55703269739086 369
1773958284850 -41.19856492812947 370
1773958295851 -47.42047576478952 371
1773958305165 -48.114457448120596 372
1773958314759 -46.68497106652494 373
1773958323625 -48.84510722500736 374
1773958333381 -51.756849258775205 375
1773958343459 -50.74378200910732 376
1773958353766 -50.84996895312075 377
1773958363380 -51.13860728688759 378
1773958374398 -53.53974083026333 379
1773958384493 -54.78354300839461 380
1773958394530 -56.49118358564075 381
1773958405335 -53.90594454661764 382
1773958415259 -55.88743061623135 383
1773958426783 -59.69753889150534 384
1773958437488 -58.762549630020985 385
1773958448009 -58.23226748933298 386
1773958458067 -51.60327701713241 387
1773958467346 -49.214291211630254 388
1773958478777 -44.180632909505405 389
1773958488471 -46.150724690657356 390
1773958497768 -39.038880314108795 391
1773958507997 -42.72777118106013 392
1773958519199 -38.7454958251205 393
1773958528676 -28.75329779295879 394
1773958539286 -26.632480339619253 395
1773958548924 -22.283671131382473 396
1773958559440 -24.976136388945104 397
1773958568824 -20.043499323058978 398
1773958578439 -20.433417010508407 399
1773958587771 -17.60422181382191 400
1773958597834 -16.43529509678327 401
1773958606984 -14.817884663705119 402
1773958616899 -13.806102908537166 403
1773958628258 -17.226272545324456 404
1773958639125 -18.057616229649533 405
1773958649940 -21.861319848362136 406
1773958661089 -17.932492442204712 407
1773958670725 -19.66584273167944 408
1773958680929 -20.893060100633093 409
1773958692281 -20.39271186690734 410
1773958704167 -21.552215893957275 411
1773958716864 -18.642031097243112 412
1773958728460 -21.35352953502152 413
1773958740642 -20.30217439956428 414
1773958752775 -21.58454793382308 415
1773958764301 -18.62453194980131 416
1773958774302 -25.067066126347886 417
1773958786170 -23.275532775086678 418
1773958799095 -19.224400886956953 419
1773958810080 -18.682041094867294 420
1773958823431 -21.134348661524044 421
1773958837175 -26.6686716938244 422
1773958849056 -24.152877465775532 423
1773958858364 -26.08406235383518 424
1773958869056 -20.893104830597235 425
1773958880939 -19.927701774131183 426
1773958893344 -17.610479066853383 427
1773958904192 -13.116535484724986 428
1773958915658 -16.97657235320144 429
1773958926672 -18.033765930708547 430
1773958939098 -16.0034303632836 431
1773958949521 -12.494720079689762 432
1773958961006 -13.657112279211713 433
1773958974615 -13.612422025203278 434
1773958985993 -21.09028702117347 435
1773958999211 -23.45513481891217 436
1773959010626 -19.675397191947134 437
1773959021977 -23.039213964192076 438
1773959034665 -24.79735453721122 439
1773959046686 -20.985537962416295 440
1773959057551 -16.244231243188604 441
1773959068459 -15.07623319444321 442
1773959079791 -18.005828880593043 443
1773959092616 -14.250361566999421 444
1773959104397 -6.065290120308029 445
1773959117244 -3.400169772914495 446
1773959129895 -11.278107382982807 447
1773959140616 -11.538684756439261 448
1773959151256 -10.049960418823588 449
1773959161588 -14.534311893121105 450
1773959172858 -22.83219378328322 451
1773959183380 -28.796437945920974 452
1773959192605 -23.58877496880679 453
1773959202909 -30.69430889252724 454
1773959213719 -38.805869082940184 455
1773959225017 -39.04873104571608 456
1773959235325 -43.455626187434845 457
1773959247161 -52.538554678144465 458
1773959258679 -55.21182930669354 459
1773959269579 -56.96417454628638 460
1773959279900 -47.71010685279655 461
1773959292816 -47.224141687010274 462
1773959305928 -51.396487450775865 463
1773959317517 -49.75734051448149 464
1773959329219 -42.80950914109086 465
1773959342061 -44.11834790992207 466
1773959355467 -38.97657223215772 467
1773959366158 -31.615104744871264 468
1773959378680 -26.282918929418095 469
1773959391310 -28.26519122324624 470
1773959402649 -35.716459163742165 471
1773959415119 -29.991501754253967 472
1773959426753 -29.552345317614783 473
1773959438634 -27.175353846162643 474
1773959449237 -31.249304758654453 475
1773959460612 -30.695792931712475 476
1773959473182 -20.731403656606414 477
1773959485209 -22.913380771836934 478
1773959497147 -24.22098601941884 479
1773959508409 -21.992424001623668 480
1773959519185 -13.606332428561341 481
1773959531441 -10.184648984873053 482
1773959541884 -9.576410764467639 483
1773959552750 -12.065502329995264 484
1773959564872 -7.710895793251669 485
1773959576031 -11.391117665074521 486
1773959587727 -16.93023269084093 487
1773959599210 -10.54103807317915 488
1773959612755 -9.71294249277403 489
1773959626152 -4.085122228210065 490
1773959638146 -10.907567271723332 491
1773959650061 -17.398174984957507 492
1773959662956 -17.658797306287923 493
1773959676161 -13.896457213253052 494
1773959688023 -18.60001686365045 495
1773959701254 -18.812178199812863 496
1773959714413 -15.708129305812358 497
1773959728084 -18.55690018161589 498
1773959741369 -18.454626633259124 499
1773959753910 -22.52685202277332 500
1773959766822 -19.44144092646136 501
1773959778340 -20.59319260824765 502
1773959791387 -20.379406850215805 503
1773959803682 -19.513430006924093 504
1773959815793 -17.290057277813982 505
1773959828979 -17.573567209260467 506
1773959841550 -23.542933971328733 507
1773959854794 -20.346337714335682 508
1773959867678 -19.78718967459717 509
1773959879269 -18.60535808165249 510
1773959890902 -19.501368400315982 511
1773959903146 -15.415803480218964 512
1773959915339 -15.692348625228655 513
1773959928249 -16.467667505739392 514
1773959940792 -13.032723180415633 515
1773959953760 -10.132914753645874 516
1773959967753 -8.357563736412327 517
1773959980729 -9.207211680567934 518
1773959992693 -13.307153577978653 519
1773960004358 -11.366643626665354 520
1773960016211 -9.613289739231487 521
1773960028694 -12.31516901174461 522
1773960040130 -11.708456541002185 523
1773960053466 -16.077150198902928 524
1773960066693 -22.041807227249137 525
1773960079882 -20.995407871994082 526
1773960094631 -19.79511988943871 527
1773960108709 -19.800237785703008 528
1773960120312 -16.699131676672916 529
1773960132899 -14.190974840627726 530
1773960146846 -14.727618287862509 531
1773960158403 -11.943204320516802 532
1773960171398 -8.400869052789798 533
1773960183189 -2.6459712574714143 534
1773960195926 -0.4353402801237273 535
1773960208384 -2.369418513714806 536
1773960216928 15.780839149315607 537
1773960230151 15.972827767843901 538
1773960245006 18.54053155638793 539
1773960252684 27.731351021800027 540
1773960263799 38.87531382262204 541
1773960275358 36.7043680750038 542
1773960286054 34.8306478382156 543
1773960298164 30.6189362939008 544
1773960309965 29.92915101218141 545
1773960321695 31.179603843915693 546
1773960336862 9.137527438519456 547
1773960348382 9.498166071585581 548
1773960361802 3.2159705142456403 549
1773960375937 -7.00993692152214 550
1773960388482 -24.491236356686876 551
1773960401955 -13.850214418063729 552
1773960410799 -3.0202583825308595 553
1773960422459 19.67678417296252 554
1773960431482 16.278283148031527 555
1773960443460 16.339528700031735 556
1773960453311 35.56957137933928 557
1773960466930 33.61363815782043 558
1773960480842 38.6434565051671 559
1773960495172 34.64876383100689 560
1773960509439 54.915657604069835 561
1773960520302 62.00051055951235 562
1773960535388 49.857587758333395 563
1773960549177 27.3336175477846 564
1773960563336 27.770520996588118 565
1773960573857 28.084948498895464 566
1773960587857 8.865194648853343 567
1773960599710 21.67486758168382 568
1773960611258 21.168560705126076 569
1773960625083 25.181586180003446 570
1773960633328 28.769000099469167 571
1773960643137 30.360126316506005 572
1773960655152 45.51886707724266 573
1773960668063 47.629091001711345 574
1773960678842 66.9762216794189 575
1773960691831 80.49238103213384 576
1773960704093 88.76904028263198 577
1773960710423 90.99278866552434 578
1773960725078 88.52665852699525 579
1773960734482 98.5215179340593 580
1773960743941 100.49660248925113 581
1773960756299 85.66984322862609 582
1773960767650 68.14467492438062 583
1773960776818 86.84027676771765 584
1773960789257 74.04338156493375 585
1773960795042 75.12512959866996 586
1773960807363 75.22287195204302 587
1773960821000 61.40896934342412 588
1773960833462 76.82901496336649 589
1773960847248 81.57328456100863 590
1773960858627 61.52402560023971 591
1773960872219 55.67456666522175 592
1773960884267 62.05963545512306 593
1773960894738 45.07353092286566 594
1773960907373 45.09161852868992 595
1773960918979 38.99757361909891 596
1773960930250 39.8118157264844 597
1773960941849 35.77257503150388 598
1773960953119 23.37212502860409 599
1773960964617 11.223428781050385 600
1773960976426 12.437262177989528 601
1773960989090 26.739982222814614 602
1773961002083 24.03134616213493 603
1773961012723 21.7971274002666 604
1773961024715 24.234232188103896 605
1773961035489 33.133144033416 606
1773961041729 48.11819096011411 607
1773961053242 51.52896491247183 608
1773961065912 46.76357093548146 609
1773961077625 42.132930597434594 610
1773961088066 54.27781678466805 611
1773961100386 40.16013723395004 612
1773961110317 42.95414665296631 613
1773961123419 55.50731902780542 614
1773961136356 52.26745935464468 615
1773961147407 35.207068824817135 616
1773961161740 18.03566719205275 617
1773961174363 15.54100877877219 618
1773961188080 20.76768460348942 619
1773961201800 18.409587484983838 620
1773961213710 7.165349658305898 621
1773961228135 6.827328762546012 622
1773961241170 7.086367312867689 623
1773961254010 -2.8308421240662307 624
1773961267197 -2.5092737245657366 625
1773961280814 2.0723903910884642 626
1773961296118 -2.647779118135617 627
1773961310306 -1.4781572439617177 628
1773961325130 -3.8601702469511494 629
1773961338135 3.6311724531913576 630
1773961355552 -0.973110986824717 631
1773961370236 0.5821868990233134 632
1773961385468 0.6359483245205784 633
1773961396566 -2.2210314155974724 634
1773961409022 0.38188961609721267 635
1773961423719 -1.2316113295799447 636
1773961436698 2.3995047149283026 637
1773961447760 -0.5306964597741135 638
1773961458805 -0.19458676820440327 639
1773961470821 -4.414247401602052 640
1773961482667 1.0860990273189373 641
1773961495903 4.318377603678617 642
1773961510277 1.3697532443011506 643
1773961524544 3.3929292302845915 644
1773961537526 2.284665471340144 645
1773961549461 -2.4422113863028274 646
1773961561029 -1.5275020210062435 647
1773961573011 3.5187778467666484 648
1773961584458 2.9530588333926433 649
1773961596038 2.239099537556821 650
1773961606836 1.9150910026769528 651
1773961618943 0.2927397321668073 652
1773961629919 2.3215894005925946 653
1773961641771 2.8999972425169447 654
1773961652970 -0.18851973161857458 655
1773961664685 -2.1311082309656006 656
1773961675970 0.19130693803231474 657
1773961688118 -0.6474276756495233 658
1773961700354 3.7407135913673732 659
1773961712092 5.214373473132575 660
1773961723673 5.378351810512859 661
1773961737416 4.416395835218112 662
1773961751200 4.05077215939117 663
1773961763991 2.707397513093718 664
1773961776260 1.1331060995695026 665
1773961789267 8.289109712974195 666
1773961801112 8.424899443264554 667
1773961809216 24.826050483455106 668
1773961814947 17.44938334645688 669
1773961825991 15.78884011066026 670
1773961838842 14.221509102963477 671
1773961851988 12.747375662543991 672
1773961862438 10.949627351512898 673
1773961877847 7.621192951921879 674
1773961892961 10.251627550740864 675
1773961904823 8.16357570844669 676
1773961918432 7.065856578343789 677
1773961930830 -7.565168164933181 678
1773961942932 -7.690904705731685 679
1773961956564 -9.21177520264121 680
1773961968329 -7.78267436468667 681
1773961976282 12.281640052538847 682
1773961987800 11.772331830258176 683
1773961999690 15.54072230952479 684
1773962012575 16.63332450920999 685
1773962025265 15.825918442886001 686
1773962037277 14.913376456190388 687
1773962051352 12.001215129855183 688
1773962063974 14.749346515725009 689
1773962072666 31.669003070977652 690
1773962085730 26.650308995650825 691
1773962096937 7.4591007590535385 692
1773962109540 4.666882382730231 693
1773962121208 2.5155276787411096 694
1773962132962 2.483696423828536 695
1773962146217 6.270713062559195 696
1773962158635 8.161295179522938 697
1773962171869 9.138672605303764 698
1773962183859 11.804193926552207 699
1773962196265 -3.602472608650082 700
1773962209517 -1.0818934679988346 701
1773962220760 3.3006540450551043 702
1773962232291 23.90845392376561 703
1773962244956 26.64595023529161 704
1773962256393 26.94418830200682 705
1773962268988 24.43623940014496 706
1773962280418 25.464159752812606 707
1773962291473 39.204737127883654 708
1773962305433 36.099408993657065 709
1773962317489 34.99295241298679 710
1773962329164 38.775019888579465 711
1773962340964 37.25364864060451 712
1773962352538 19.50003043679544 713
1773962366442 17.916255893774622 714
1773962378970 18.218015792381177 715
1773962391064 15.71309976502214 716
1773962404434 11.678551540170645 717
1773962415775 0.1136860220099944 718
1773962428807 1.6052699522942018 719
1773962441013 2.2013673661325015 720
1773962442176 -1.8097547165844101 721
1773962454769 -3.1141566450274767 722
1773962467137 -1.1533867892404408 723
1773962480187 2.1946947929967626 724
1773962492668 4.346114576482142 725
1773962505266 1.3903572766181989 726
1773962518922 1.213828348612114 727
1773962532020 -2.1768332290014762 728
1773962544326 -1.3288225864655927 729
1773962558017 -2.918577027185454 730
1773962570045 -4.85777042782846 731
1773962583986 -4.706094701405197 732
1773962595922 -3.7640231409371294 733
1773962608609 -4.512735770320053 734
1773962621278 -10.915183486944604 735
1773962629638 12.525258413019436 736
1773962643296 14.358235160036267 737
1773962655424 14.020710807599054 738
1773962662549 27.498304198140186 739
1773962676355 27.46515447769176 740
1773962689839 30.798314896430526 741
1773962702286 31.439105905293378 742
1773962711816 43.03865954593808 743
1773962724998 45.8945563392046 744
1773962738203 51.37180655354034 745
1773962751307 34.54070267204156 746
1773962762810 32.00426548100582 747
1773962776158 32.549291887996525 748
1773962786156 31.38341229186222 749
1773962799701 33.58049431227652 750
1773962813665 33.53624886972626 751
1773962826550 32.81548086247276 752
1773962839093 21.270653442372218 753
1773962850546 17.958861473464637 754
1773962862639 17.915184805017937 755
1773962874217 15.232680725782675 756
1773962887007 11.974609510710565 757
1773962901068 13.126304649826727 758
1773962906162 -5.5320220596424186 759
1773962919121 -2.354106485513828 760
1773962931856 -3.1899957732478623 761
1773962943783 -4.023250319134075 762
1773962955898 -8.360496477728393 763
1773962969255 -5.768489386621799 764
1773962979543 6.120499673135337 765
1773962992312 9.418001281256338 766
1773963005283 19.520964648442735 767
1773963016021 37.645718198984916 768
1773963029776 43.98874211705612 769
1773963042460 43.12182912424715 770
1773963054628 58.94654872928722 771
1773963067646 61.563852218885174 772
1773963080258 67.19386758091689 773
1773963094174 67.01457195251122 774
1773963106504 51.080236639848025 775
1773963119690 49.735766464284325 776
1773963131701 39.88577906574831 777
1773963143537 24.294993012471384 778
1773963157186 20.112869090585423 779
1773963169108 30.460147692981273 780
1773963176207 36.275901493260015 781
1773963188591 38.62068996221835 782
1773963201262 39.45885339183299 783
1773963213132 39.826606178611726 784
1773963227477 42.116814920230304 785
1773963240050 44.810199356663105 786
1773963254264 47.27494565523841 787
1773963265024 58.69614096491614 788
1773963277789 64.8344729840059 789
1773963291336 64.87442858759503 790
1773963299955 62.96519197892826 791
1773963313115 64.26016518765411 792
1773963322472 88.75312938640516 793
1773963335605 99.31967943982923 794
1773963349733 99.33172327766694 795
1773963362278 94.18056736801513 796
1773963374955 95.90927257709788 797
1773963387725 84.17288993949902 798
1773963399480 85.62345885872996 799
1773963412991 74.69639304299172 800
1773963424082 59.67834794274272 801
1773963437189 55.94413024711589 802
1773963448715 30.838364878637293 803
1773963461303 27.24238680945794 804
1773963476018 28.77775842991254 805
1773963488222 43.44777698863036 806
1773963502721 41.599936095983104 807
1773963516327 37.710434688905146 808
1773963530689 35.03763075299586 809
1773963543060 37.065854186480415 810
1773963554325 47.98536534301929 811
1773963563214 61.2993118679182 812
1773963572465 75.17244440989195 813
1773963585754 74.00516047007278 814
1773963594825 89.61231599493489 815
1773963602714 92.92667515866268 816
1773963614572 110.21406038802351 817
1773963626162 114.15442680814843 818
1773963635732 127.49229828976065 819
1773963646986 123.0727251312361 820
1773963658298 113.96348664687255 821
1773963669603 100.79727737821949 822
1773963680891 80.25451493357829 823
1773963692382 69.53665609793678 824
1773963705738 54.65950567379099 825
1773963717739 38.576692782178604 826
1773963730253 27.01883395661188 827
1773963742037 30.481177056501217 828
1773963755490 15.512536613469749 829
1773963763944 33.829390085058776 830
1773963773648 45.38937124773937 831
1773963785449 44.19742487120621 832
1773963797514 51.38092213436836 833
1773963808613 70.47459709016013 834
1773963819412 87.87032987164918 835
1773963829173 108.23258121605186 836
1773963838398 118.40325576511941 837
1773963843540 130.1731948148876 838
1773963854537 140.26673911002047 839
1773963862020 140.99224103034754 840
1773963874090 130.01501540312512 841
1773963881872 150.54894809044364 842
1773963891114 164.0341725996087 843
1773963901222 164.08705090603215 844
1773963910253 161.74031041580488 845
1773963917582 162.07657373935672 846
1773963930000 154.5826324615549 847
1773963942256 155.38900463713975 848
1773963954138 159.02447885316644 849
1773963962007 157.98246987689328 850
1773963969993 167.94263363681927 851
1773963979133 167.6653411165951 852
1773963985993 172.18815582266845 853
1773963997306 171.71647599342828 854
1773964004913 174.0122565949307 855
1773964012164 173.26865759642817 856
1773964021149 183.66900413788832 857
1773964028076 184.0340713416088 858
1773964038396 189.3189349981545 859
1773964046414 193.56860219614256 860
1773964052985 197.36912239793662 861
1773964061246 193.36662700699353 862
1773964068286 192.88992077652665 863
1773964081554 179.8572020110474 864
1773964094184 157.95880315146837 865
1773964103063 157.0610245686692 866
1773964116104 136.33123686574194 867
1773964126831 135.82455780991785 868
1773964137590 133.31362761871816 869
1773964150486 111.54517146639527 870
1773964163278 90.38132704357359 871
1773964171818 96.6633845950104 872
1773964180934 93.84719655473882 873
1773964187717 110.58579416789289 874
1773964196850 129.22996760594552 875
1773964206110 123.49773778855038 876
1773964217682 130.91790005125364 877
1773964229784 115.09663417312098 878
1773964241910 98.95905745766258 879
1773964254854 101.36645310415507 880
1773964265582 119.72667892308661 881
1773964275959 114.14883388758157 882
1773964285282 113.21603458425925 883
1773964294793 109.5258942501757 884
1773964304027 106.82285253131799 885
1773964311572 112.36719004440951 886
1773964322564 121.7977322186758 887
1773964331618 138.5333783853108 888
1773964341692 156.45189568606844 889
1773964354151 155.17028712843089 890
1773964362138 157.1109192142701 891
1773964369497 160.7910396986791 892
1773964379970 156.80911951383573 893
1773964393392 140.94649001598552 894
1773964405677 140.0041917648275 895
1773964414099 138.33564765503834 896
1773964425062 142.50886055171455 897
1773964432341 137.79945062311992 898
1773964441660 134.9624882037735 899
1773964445815 158.68553035248857 900
1773964457239 155.61167537192688 901
1773964466300 156.4713358161794 902
1773964478504 142.2365390299657 903
1773964487244 156.7503036159688 904
1773964497826 161.67517209782733 905
1773964507314 163.45663872159867 906
1773964514063 167.18626791955916 907
1773964527642 160.8860126320508 908
1773964541124 145.4882704732237 909
1773964548794 139.9708119022718 910
1773964555602 144.7039517520803 911
1773964565059 142.87818598499513 912
1773964579645 147.20633288878247 913
1773964584946 156.5112887465866 914
1773964590719 160.0872610351093 915
1773964600050 159.9888321081124 916
1773964609401 156.4055682483709 917
1773964618316 164.07426136634243 918
1773964627597 183.54365178916416 919
1773964637602 177.75147183716734 920
1773964647633 176.43357620115634 921
1773964657475 172.56919174446548 922
1773964664986 184.5453080323835 923
1773964677729 159.44153479090886 924
1773964690997 151.7350896312938 925
1773964701079 149.4283563597301 926
1773964714824 134.1942995321347 927
1773964721188 138.7739409989793 928
1773964732485 136.27161842998788 929
1773964745648 122.55040053614718 930
1773964757869 104.31564570131277 931
1773964763963 110.80319214545139 932
1773964777352 97.22831175868694 933
1773964788902 113.40636821851353 934
1773964796984 119.13589990293713 935
1773964806512 121.12520652749768 936
1773964816226 136.7067356396075 937
1773964824547 133.6619835363221 938
1773964834456 133.20012712719128 939
1773964841622 154.96785287416884 940
1773964851517 169.89540084383458 941
1773964857946 170.79165534047485 942
1773964868541 185.58546228207632 943
1773964877334 188.6993812357062 944
1773964889691 175.92037962788336 945
1773964902081 161.45878038303522 946
1773964911033 163.19456969711118 947
1773964918461 164.6877648453054 948
1773964932138 155.22428694119074 949
1773964941949 155.7514240128112 950
1773964952466 159.02348475378963 951
1773964960459 158.19189527546217 952
1773964970418 160.88678345460417 953
1773964981543 158.33290567087676 954
1773964989070 173.0617362399451 955
1773965001550 185.5701667566862 956
1773965014240 172.11548930433884 957
1773965027419 167.5894446832662 958
1773965041076 168.37414628089994 959
1773965051454 166.53684171765238 960
1773965065074 151.31960211594563 961
1773965078169 149.84877176756896 962
1773965091144 136.3477530922647 963
1773965105579 121.8070761295567 964
1773965118369 118.22617557300809 965
1773965131108 112.03438700673914 966
1773965140559 125.79093010501352 967
1773965149703 133.4171398813709 968
1773965164452 134.51957738257735 969
1773965173658 138.02657850654384 970
1773965187982 133.72716481086152 971
1773965201671 123.25365727252893 972
1773965211857 136.88597314697785 973
1773965222374 152.1753949912348 974
1773965232974 159.79686446332926 975
1773965240588 170.8816316208804 976
1773965255142 158.07816741825545 977
1773965264514 155.8909632031318 978
1773965278243 152.96015303084664 979
1773965286845 153.65025925735864 980
1773965297319 174.30374934959173 981
1773965304735 186.7794857063845 982
1773965318587 187.66390406846995 983
1773965326575 189.49807813186268 984
1773965335635 185.7647623178529 985
1773965340200 187.6714662760803 986
1773965353114 191.6025118397888 987
1773965361887 191.86860335060845 988
1773965369574 203.67979783145333 989
1773965379988 203.67616465457118 990
1773965390647 202.35625635028106 991
1773965403107 189.3026306071488 992
1773965416289 189.10514680371827 993
1773965427100 186.8626265730704 994
1773965436418 184.02486013061144 995
1773965444363 181.98637901297354 996
1773965450801 189.0667756324488 997
1773965459242 187.0775323828875 998
1773965468404 189.81064287733477 999
