1773955680913 -75.816243111527 0
1773955680932 -187.1295819263907 1
1773955680951 -291.0861732594688 2
1773955681002 -231.90241460800317 3
1773955681021 -303.44203632221786 4
1773955681042 -65.023064661521 5
1773955681061 -276.1874553049635 6
1773955681087 -59.419767943745356 7
1773955681101 -86.71968956653745 8
1773955681121 -316.44522998643436 9
1773955681138 -44.28214851001638 10
1773955681154 -276.2875015212784 11
1773955681200 -201.7779241745432 12
1773955681217 -33.39808396567406 13
1773955681233 -263.44477925073306 14
1773955681256 -86.10380084233512 15
1773955681273 -254.005998656756 16
1773955681309 -337.1463039479606 17
1773955681337 -236.2460727331294 18
1773955681355 -88.34994616949764 19
1773955681405 -301.6929530764434 20
1773955681456 -100.42855775969505 21
1773955681477 -299.1974043901865 22
1773955681539 -279.66475888599547 23
1773955681562 -304.0577808096719 24
1773955681578 -149.39777882399932 25
1773955681592 -204.2449137971992 26
1773955681617 -229.90723366802996 27
1773955681634 -217.0121028541011 28
1773955681671 -325.6717277347019 29
1773955681695 -283.3736696034923 30
1773955681713 -329.9364528325821 31
1773955681734 -315.97765926938195 32
1773955681752 -310.1662313432518 33
1773955681774 -321.196218064613 34
1773955681805 -138.97223269818386 35
1773955681822 -178.4044515826801 36
1773955681843 -49.55326096824331 37
1773955681878 -224.93202398861308 38
1773955681897 -29.062797990868944 39
1773955681910 -135.36373388185723 40
1773955681922 -133.46274692090776 41
1773955681939 -16.885898041775576 42
1773955681956 -71.33442410063756 43
1773955681974 -311.26532752201024 44
1773955682036 -120.7080454288454 45
1773955682052 -12.185431389788207 46
1773955682069 -287.20010052739065 47
1773955682094 -304.6945187284815 48
1773955682109 -114.19300276447001 49
1773955682130 -283.4888423417433 50
1773955682150 -98.36978915022408 51
1773955682167 -0.5740696295382008 52
1773955682207 -287.39489039308853 53
1773955682227 -85.9732780335502 54
1773955682246 -279.5889782422072 55
1773955682271 -75.44279036617499 56
1773955682286 -90.48542167090872 57
1773955682299 -51.932728526856586 58
1773955682320 -299.58111262146997 59
1773955682335 -325.32885370077395 60
1773955682352 -299.8149154996136 61
1773955682369 -248.50180548368496 62
1773955682388 -328.8066296324258 63
1773955682404 -255.63721565662877 64
1773955682423 -296.9941217182271 65
1773955682438 -102.98990456302384 66
1773955682458 -35.43842543199111 67
1773955682482 -341.6569976799406 68
1773955682522 -271.63168092784326 69
1773955682544 -286.6458310678788 70
1773955682565 -273.1368888280666 71
1773955682579 -48.16275976137133 72
1773955682596 -295.53655874006097 73
1773955682614 -254.48657049208208 74
1773955682640 -294.6398757018104 75
1773955682670 -211.97919195584996 76
1773955682693 -152.62062425324552 77
1773955682733 -321.57359990731806 78
1773955682751 -269.9578425560701 79
1773955682775 -268.1436500732812 80
1773955682797 -286.6834902664689 81
1773955682815 -336.53199290109694 82
1773955682832 -308.11127988034536 83
1773955682862 -204.05562516547437 84
1773955682879 -13.69766152673553 85
1773955682898 -321.499625398233 86
1773955682928 -297.2800912344371 87
1773955683676 -57.297671625185245 88
1773955684463 -309.1032392087077 89
1773955685661 -242.13680241685861 90
1773955686718 -62.33483788998427 91
1773955687418 -225.54985288073516 92
1773955688598 -146.62826384756346 93
1773955689430 -362.25235455697975 94
1773955690160 -381.33289498157586 95
1773955690875 -273.7470057866939 96
1773955691760 -204.92490837625473 97
1773955693508 -151.2955046812937 98
1773955696318 -210.05103569093046 99
1773955704579 -231.27594650798076 100
1773955707542 -369.20166592863455 101
1773955708484 -184.54144312906536 102
1773955713983 -291.0885502150174 103
1773955715544 -115.25774507891904 104
1773955716617 -56.552679112219444 105
1773955727300 -131.7883533743382 106
1773955737436 -94.10566234468018 107
1773955747179 -306.4055165896011 108
1773955751423 -103.80102249671572 109
1773955764136 -205.8778138572797 110
1773955772717 -44.2060509250495 111
1773955786103 -93.60302591190325 112
1773955797701 -93.13345866450217 113
1773955809183 -34.443119296114325 114
1773955819945 -72.87904371805921 115
1773955826690 -135.07913425257675 116
1773955834624 -147.94353035864555 117
1773955846752 -72.01784889274911 118
1773955851812 254.44100856485363 119
1773955862466 -95.62579389524284 120
1773955873603 -41.59565226638696 121
1773955883378 -89.33090867338571 122
1773955892006 -48.50062121332175 123
1773955901036 -58.727332088692975 124
1773955910967 -118.35558607488446 125
1773955921289 -57.02749454268839 126
1773955933179 -61.642175446384385 127
1773955943780 -106.76007511859183 128
1773955952953 -86.41960117206123 129
1773955961382 -72.12752564019074 130
1773955970575 -131.07836657356262 131
1773955980159 -121.6055432177484 132
1773955989374 -106.16060360301647 133
1773955998563 -109.86039047147136 134
1773956008075 -115.40172524327102 135
1773956009288 11.58669487834301 136
1773956019093 -65.32257508893534 137
1773956029765 -86.29425587519835 138
1773956039955 -98.52273743926567 139
1773956050967 -133.34113578044935 140
1773956055466 -27.062978122577434 141
1773956060127 171.59213957291473 142
1773956069903 -91.42127795560211 143
1773956080562 -71.45448527270922 144
1773956091710 -123.34927044527895 145
1773956101245 -127.33135884429345 146
1773956110600 -98.2134880258501 147
1773956119342 -82.35130523220424 148
1773956130330 -87.57631584995116 149
1773956140349 -77.36085072238528 150
1773956148980 -51.57735066600946 151
1773956157779 -89.00703879637683 152
1773956166665 -128.73615988112368 153
1773956176071 -95.76597704540899 154
1773956185723 -109.87449599344725 155
1773956187832 -37.78129875890735 156
1773956196978 -104.75880874234772 157
1773956206140 -76.96320110262434 158
1773956217049 -88.19812839810915 159
1773956224995 -149.0470225320714 160
1773956236481 -80.696283405268 161
1773956245601 -89.01784706897627 162
1773956257231 -112.16737857007239 163
1773956269426 -123.73848503301261 164
1773956278970 -100.4665885184064 165
1773956289375 -118.27089278820436 166
1773956301275 -102.64890684299085 167
1773956312728 -8.861634143227175 168
1773956324856 -117.61223330405542 169
1773956336545 -104.78417766150896 170
1773956337664 -98.2045670347005 171
1773956343753 -151.60021830069326 172
1773956354762 -100.36422844061698 173
1773956356344 -93.55739666960223 174
1773956365855 -205.2050870987851 175
1773956376021 -24.858399290662465 176
1773956385159 -270.8476838998404 177
1773956395365 -60.91913392449879 178
1773956405323 -152.58669161908398 179
1773956417526 -73.99978132853435 180
1773956428222 -110.30411352725147 181
1773956437619 -93.29756162268562 182
1773956439333 -110.8972000967345 183
1773956448540 -97.28508374164748 184
1773956457225 -87.95227009617355 185
1773956466337 -101.04222980694631 186
1773956476983 -118.07337687273957 187
1773956486791 -100.30492489238758 188
1773956490285 -35.36169518640958 189
1773956500510 -35.31639005395823 190
1773956509949 -31.26808862093843 191
1773956510990 -86.64362018249807 192
1773956521121 -97.43644626464489 193
1773956530330 -56.04631777490111 194
1773956539412 -73.44068329705249 195
1773956549495 -56.85946806116412 196
1773956559140 -19.267357528095317 197
1773956569385 -88.43760665660031 198
1773956579319 -88.45757487695863 199
1773956587847 -30.596220779418974 200
1773956596586 -44.96339124588953 201
1773956605792 -80.80641910986417 202
1773956616829 -69.52267865526281 203
1773956626967 -106.41682395758146 204
1773956637244 -77.63170629788009 205
1773956648435 -110.80333887291117 206
1773956658902 -64.86717879494134 207
1773956669910 -92.20571880819817 208
1773956680177 -83.37555486580924 209
1773956691594 -100.48043799752647 210
1773956701695 -26.67333287520199 211
1773956712238 -114.67007669217529 212
1773956721376 -55.973311519796624 213
1773956732258 -28.094975061350883 214
1773956742819 -81.68117288119345 215
1773956751464 -108.29864773787668 216
1773956760446 -62.867954231216274 217
1773956769733 -48.45439805280484 218
1773956779147 -35.101283828178374 219
1773956789711 -109.2833361366041 220
1773956798965 -53.81123945447898 221
1773956809029 -94.66990498685581 222
1773956819369 -75.29494616732075 223
1773956828362 -30.30487490049789 224
1773956838599 -84.74016038186555 225
1773956848226 -16.088483472611493 226
1773956857614 -89.0473542566873 227
1773956867986 -75.12325818438718 228
1773956878429 -91.04619323659676 229
1773956888517 -85.43652544274661 230
1773956897296 -104.34745618504343 231
1773956908392 -86.84840209122942 232
1773956909404 -119.92273000083973 233
1773956918657 -76.83672221547015 234
1773956930358 -51.41414685825959 235
1773956939452 -34.712314740257504 236
1773956949997 -96.73209909446638 237
1773956959892 -105.31286419488205 238
1773956968628 -15.563299093359843 239
1773956978163 -32.05613722156516 240
1773956988917 -48.91952434097683 241
1773956998051 -74.23250430067722 242
1773957006774 -36.0960648252401 243
1773957016320 -103.32289581788527 244
1773957025106 -59.34264934378261 245
1773957035825 -81.93374518549291 246
1773957045570 -65.36695741739926 247
1773957054095 -25.86779497162819 248
1773957062749 -73.43828862389768 249
1773957073899 -67.17000245703011 250
1773957086141 -101.26311128510768 251
1773957095792 -18.135417754833153 252
1773957104484 -97.34261449121693 253
1773957115920 -97.07894985800118 254
1773957124939 -60.70650277817659 255
1773957135265 -50.75555190786678 256
1773957145329 -40.53021559996078 257
1773957155255 -59.582782616318795 258
1773957165613 -58.06996120780053 259
1773957174630 -51.37893858286666 260
1773957184712 -65.10215331147236 261
1773957195411 -48.8987443467121 262
1773957206550 -73.38206514111697 263
1773957215484 -62.259548706292385 264
1773957224367 -64.47968709055606 265
1773957235071 -28.220073145849515 266
1773957244365 -52.081485490567935 267
1773957254610 -69.69897093465687 268
1773957266933 -66.85558675898758 269
1773957275882 -76.23913395774164 270
1773957285144 -87.73613647285518 271
1773957294283 -62.24030273389649 272
1773957303752 -44.47680292592235 273
1773957313966 -49.701986015624534 274
1773957326360 -70.68040101584486 275
1773957335053 -55.92653394933034 276
1773957345727 -90.77693258304414 277
1773957356252 -87.81062139617437 278
1773957366952 -105.68333670021438 279
1773957375722 -33.418294863721016 280
1773957385729 -14.780590427327022 281
1773957394568 -87.8826353846921 282
1773957404728 -57.894711991768574 283
1773957406431 -61.4009695898479 284
1773957416503 -100.77319632500718 285
1773957426755 -97.93827220451405 286
1773957437458 -70.28399877886847 287
1773957447907 -37.804296557604864 288
1773957458282 -62.50776689129158 289
1773957469691 -72.96697214800889 290
1773957480224 -101.11453118428439 291
1773957490218 -84.06791147550977 292
1773957500535 -57.05956842513942 293
1773957509255 -53.040883992783186 294
1773957518726 -112.96903241426583 295
1773957527604 -67.14303391873878 296
1773957537201 -96.59634756215215 297
1773957546450 -85.13427582779899 298
1773957557373 -76.18174323776543 299
1773957567635 -82.48411927342973 300
1773957576541 -61.15153932500946 301
1773957585295 -44.570209073051025 302
1773957594798 -95.7867604124932 303
1773957603634 -38.896060358946876 304
1773957612393 -65.1449561918796 305
1773957621883 -83.77912608412507 306
1773957630500 -43.17673340057618 307
1773957639062 -69.31507853299917 308
1773957648984 -85.54452182593636 309
1773957658641 -75.14914229390966 310
1773957668802 -63.70676555485093 311
1773957679579 -78.63243687415098 312
1773957689466 -17.196894789628296 313
1773957698154 -90.84109940216143 314
1773957708870 -23.19786036298507 315
1773957718657 -97.20627562339556 316
1773957727709 -62.504752443567384 317
1773957738978 -88.19054472300492 318
1773957747984 -56.679353260864445 319
1773957758025 -22.120346685791677 320
1773957769250 -58.16858790371239 321
1773957781296 -56.09549663242066 322
1773957791120 -103.98002483530232 323
1773957800717 -37.18195063023933 324
1773957812134 -81.5606498370177 325
1773957821014 -61.25983983117975 326
1773957831319 -4.51406808959438 327
1773957841587 -21.468672734379354 328
1773957851192 -66.34735442240267 329
1773957860039 -69.50928493303105 330
1773957870343 -21.58996547654261 331
1773957880295 -56.136255561504 332
1773957891015 -40.46044945269458 333
1773957901652 -70.03371516417381 334
1773957910857 -32.10331188439914 335
1773957921290 -16.704307527072196 336
1773957934049 -44.288014537403875 337
1773957944487 -45.96496066235045 338
1773957954217 -41.94800534022857 339
1773957964220 -70.45698037947257 340
1773957975905 -79.4960526587719 341
1773957987051 -81.58102138945326 342
1773957997733 -12.532413275228588 343
1773958007925 -101.44749068858428 344
1773958017884 -59.92305375713451 345
1773958028144 -37.818640774725885 346
1773958038830 -95.58327321187801 347
1773958048694 -98.41156162084319 348
1773958058902 -60.079220789875905 349
1773958069766 -22.578418650562877 350
1773958080788 -27.20677502867912 351
1773958091008 -73.44265781375803 352
1773958100896 -78.00753839412647 353
1773958111361 -34.22253271672406 354
1773958121955 -67.80075430721432 355
1773958133860 -56.54492422677831 356
1773958145381 -17.463899054231813 357
1773958158303 -64.96162389613491 358
1773958170018 -19.858563438936287 359
1773958180837 -3.8091931585693297 360
1773958191962 -22.02077873571792 361
1773958201923 -19.232353999085262 362
1773958212942 -47.12255638580798 363
1773958222967 -28.028309739109606 364
1773958232874 -29.994067370592045 365
1773958244032 -54.35086012270524 366
1773958254423 -70.69239018600054 367
1773958265063 -87.62740235475702 368
1773958274613 -32.69241492156369 369
1773958284848 -20.224515465955378 370
1773958295850 -84.23988710231846 371
1773958305164 -26.172170832395995 372
1773958314758 -32.827692569851415 373
1773958323624 -49.62967132393379 374
1773958333379 -59.11148770827058 375
1773958343458 -44.22018762602632 376
1773958353765 -71.75425962613488 377
1773958363378 -90.51378569242536 378
1773958374397 -56.703750355321006 379
1773958384492 -32.662537247268276 380
1773958394529 -101.31629287477979 381
1773958405333 -0.3197804421649295 382
1773958415258 -52.64255326598853 383
1773958426781 -87.73075407667366 384
1773958437486 -49.761595093427054 385
1773958448008 -38.91736621914628 386
1773958458066 -5.464354904129261 387
1773958467345 -66.62392763740375 388
1773958478776 -6.367167334072496 389
1773958488470 -52.363455058787785 390
1773958497766 -30.197849109294157 391
1773958507996 -37.20868911167828 392
1773958519197 -12.819799706592313 393
1773958528675 12.191226244943559 394
1773958539284 -28.553420560031732 395
1773958548923 4.5707258632214804 396
1773958559439 -32.38900747975556 397
1773958568823 -17.297556978542488 398
1773958578436 -10.266344208566798 399
1773958587770 -24.071503091922775 400
1773958597833 -18.50858193890778 401
1773958606983 -21.034584780896786 402
1773958616898 -2.7019821549128054 403
1773958628257 -22.01047012292931 404
1773958639124 -36.86685740328249 405
1773958649939 -33.46631032390455 406
1773958661088 6.899266581818631 407
1773958670724 -34.63105987328972 408
1773958680928 -22.53851789810336 409
1773958692280 -19.068020754665273 410
1773958704166 -30.10362220940707 411
1773958716862 8.067263186244814 412
1773958728458 -29.81696653269685 413
1773958740640 -11.496918768356917 414
1773958752774 -49.69059274587054 415
1773958764300 -3.8661504836868352 416
1773958774301 -57.52607518364712 417
1773958786169 -16.715726360677614 418
1773958799094 17.97280098319387 419
1773958810079 -13.644422833768646 420
1773958823430 -54.62669787597459 421
1773958837172 -47.27596713675875 422
1773958849055 -4.659024252208164 423
1773958858363 -30.808767648953413 424
1773958869055 2.2189824865088967 425
1773958880937 5.787880080973705 426
1773958893342 -34.35384811086912 427
1773958904191 28.22370946060635 428
1773958915655 -20.62756770157067 429
1773958926670 -24.216358608839737 430
1773958939096 -34.32334220172508 431
1773958949520 -12.188864300820377 432
1773958961004 -16.28294624742771 433
1773958974614 -30.36186510886903 434
1773958985991 -72.55966747319299 435
1773958999210 -17.860597896413296 436
1773959010625 3.4435281587811657 437
1773959021976 -5.414458261843011 438
1773959034664 -38.20897343176214 439
1773959046684 13.901807139109515 440
1773959057550 13.089724990551797 441
1773959068457 -0.5088838133663872 442
1773959079790 -45.57890310892607 443
1773959092615 7.1928080270672075 444
1773959104395 9.291046993720924 445
1773959117242 8.790605577522042 446
1773959129894 -75.33584794190196 447
1773959140615 -8.020231996407551 448
1773959151254 -23.3217300556054 449
1773959161587 -30.94170760386567 450
1773959172857 -69.88909391106934 451
1773959183379 -60.151325439743914 452
1773959192604 6.497726662215802 453
1773959202908 -63.86253121013735 454
1773959213718 -71.82455491040851 455
1773959225016 6.361985949763087 456
1773959235323 -119.40479935908964 457
1773959247159 -98.8495169035037 458
1773959258678 -50.05447634109622 459
1773959269578 -48.465159999794125 460
1773959279899 22.651583023829094 461
1773959292815 -55.29167378188123 462
1773959305927 -35.22573097544002 463
1773959317516 -47.471061847193646 464
1773959329217 -2.3462411765021534 465
1773959342058 -6.726401738549102 466
1773959355466 -67.98704258144606 467
1773959366156 -25.23484203063919 468
1773959378679 3.2673818134355193 469
1773959391307 -68.2878829380756 470
1773959402648 -51.861096381130174 471
1773959415118 1.95790031300076 472
1773959426752 -30.834166609048175 473
1773959438633 -23.70114713267226 474
1773959449236 -43.08575030142029 475
1773959460611 -1.1912834691292291 476
1773959473180 31.656850169614497 477
1773959485207 -47.05461318294443 478
1773959497146 -9.808670662383516 479
1773959508408 -46.002262760123855 480
1773959519184 31.999819349493073 481
1773959531440 36.174734749883655 482
1773959541883 -24.75178440499404 483
1773959552748 -48.592062787948485 484
1773959564871 0.4603150660156435 485
1773959576030 -37.99350218735775 486
1773959587725 -23.73430008804961 487
1773959599209 16.837332993673375 488
1773959612750 -1.5277148583323026 489
1773959626151 10.275939885515779 490
1773959638144 -36.224631085639594 491
1773959650060 -28.731342382458088 492
1773959662954 -27.358007618298206 493
1773959676160 -10.968661857599757 494
1773959688021 -46.575281437958346 495
1773959701252 -40.11511554898187 496
1773959714412 7.306188851955425 497
1773959728083 -11.650375764361936 498
1773959741368 -0.5049793747646503 499
1773959753908 -30.446314009626185 500
1773959766821 -5.370520122520004 501
1773959778339 -40.248859200320965 502
1773959791386 -25.220150037979742 503
1773959803681 -2.3088934246826387 504
1773959815792 -24.341554146857238 505
1773959828977 -42.95021486344672 506
1773959841548 -52.38747876872724 507
1773959854791 20.315586805568568 508
1773959867676 5.0865010226204985 509
1773959879268 -18.62799808017939 510
1773959890902 -14.330623309154927 511
1773959903145 0.6067900006492102 512
1773959915337 -27.98560148807666 513
1773959928248 -10.062082229790013 514
1773959940790 10.007889106380341 515
1773959953759 -13.952130595749141 516
1773959967751 -34.63396859639177 517
1773959980728 11.819107364012513 518
1773959992691 -35.9129179514867 519
1773960004357 0.777101432953591 520
1773960016210 3.2029155651837593 521
1773960028693 -26.412002724482015 522
1773960040129 -21.918476780652426 523
1773960053465 -53.74901880879742 524
1773960066692 -49.63868117708175 525
1773960079881 -3.4881370431985843 526
1773960094628 -22.63108877083807 527
1773960108707 11.767928401369547 528
1773960120311 -4.901856861185804 529
1773960132897 25.858669793405518 530
1773960146845 -2.163518907164077 531
1773960158402 1.432136948975055 532
1773960171397 13.504875896617632 533
1773960183188 3.7999591443863956 534
1773960195925 -27.532371403604884 535
1773960208382 -22.82891937910937 536
1773960216926 158.87148785946607 537
1773960230150 13.687814586652488 538
1773960245005 20.775181024254493 539
1773960252683 117.76686444752649 540
1773960263797 109.27610910105608 541
1773960275357 -20.27732052720736 542
1773960286053 -5.232326471264421 543
1773960298163 -38.317156298761574 544
1773960309964 -34.43022422079875 545
1773960321694 -10.324391061766562 546
1773960336861 -61.54927619449634 547
1773960348381 17.29420091731378 548
1773960361801 -42.046774549144914 549
1773960375936 15.507790089848669 550
1773960388481 -65.53688525059128 551
1773960401953 86.13289885902411 552
1773960410798 103.0672338840643 553
1773960422458 188.65326925617222 554
1773960431481 -68.41523447010869 555
1773960443459 -9.711935541764513 556
1773960453310 130.7511505985791 557
1773960466929 -2.2651312978746416 558
1773960480841 8.251408924321739 559
1773960495171 -24.439136651753536 560
1773960509438 137.1320524800383 561
1773960520299 156.9814284134492 562
1773960535387 -18.36199412772519 563
1773960549176 -36.586432849315784 564
1773960563334 -64.04619998207352 565
1773960573856 -6.56766051869107 566
1773960587856 -61.4463879018421 567
1773960599708 125.83159803043017 568
1773960611257 3.188340158744272 569
1773960625082 15.691118097020173 570
1773960633327 173.00619167469554 571
1773960643136 172.89269058381757 572
1773960655151 133.22541347964136 573
1773960668062 -15.484193604628993 574
1773960678841 129.42510679500214 575
1773960691830 128.59393300845824 576
1773960704092 21.320204603139292 577
1773960710422 148.06908185935387 578
1773960725077 -21.472961226546605 579
1773960734481 115.63971216766075 580
1773960743940 192.7570372266137 581
1773960756298 24.625097977567147 582
1773960767649 -42.02626956281321 583
1773960776817 171.47182482874118 584
1773960789256 1.4561547671632167 585
1773960795041 139.4114133458203 586
1773960807362 22.297628136869882 587
1773960820999 9.930055773164831 588
1773960833461 132.7274949728772 589
1773960847247 163.08240814408208 590
1773960858626 -7.735552381075491 591
1773960872218 -33.86949137261247 592
1773960884266 21.82441833619992 593
1773960894737 1.610779506167084 594
1773960907372 1.637030825405878 595
1773960918978 78.4709642499102 596
1773960930249 30.440049210724673 597
1773960941848 -30.462351176640272 598
1773960953118 8.722994943879293 599
1773960964615 41.595445668545054 600
1773960976425 4.402781588315929 601
1773960989089 109.15770907563845 602
1773961002082 -5.261942270597019 603
1773961012722 -20.731408112516178 604
1773961024714 26.008078703778803 605
1773961035488 167.46008270303122 606
1773961041727 180.29051847770586 607
1773961053241 3.645388346936877 608
1773961065910 -38.930944826024444 609
1773961077624 -4.710957711923597 610
1773961088065 125.8516434606505 611
1773961100385 -32.01908643154166 612
1773961110316 22.67815191956571 613
1773961123418 104.800315635875 614
1773961136355 -6.39051802782867 615
1773961147405 -3.1438225952442913 616
1773961161738 8.576502150062085 617
1773961174361 -21.30119578586872 618
1773961188079 13.335813421147844 619
1773961201799 -28.291928896979414 620
1773961213709 13.409265193871112 621
1773961228134 -35.39929538914052 622
1773961241169 25.26853742278247 623
1773961254009 5.628221266535797 624
1773961267196 -3.174834032823725 625
1773961280813 42.67281856129771 626
1773961296117 -38.62519294217872 627
1773961310304 -9.60497704412973 628
1773961325129 -10.484316608746465 629
1773961338133 46.62149810444565 630
1773961355551 -32.633569206289636 631
1773961370235 -19.84631653066021 632
1773961385467 25.806151677755114 633
1773961396564 -22.941576134644706 634
1773961409021 22.85437628412312 635
1773961423718 26.53780910452614 636
1773961436697 -2.3140324970962545 637
1773961447759 -38.906988791153886 638
1773961458804 -7.123219693049365 639
1773961470820 4.4248917704691655 640
1773961482666 22.36989508292025 641
1773961495901 12.476469232936585 642
1773961510275 -3.680091916019547 643
1773961524543 -2.709816274810293 644
1773961537524 11.771738694678644 645
1773961549460 -20.730959471903578 646
1773961561028 6.833061155869582 647
1773961573010 11.555809886575034 648
1773961584457 -12.780409826789416 649
1773961596037 -2.7147011878890566 650
1773961606835 19.12980973412157 651
1773961618942 -3.7470434721648647 652
1773961629918 16.608404768238323 653
1773961641770 3.074262144433209 654
1773961652969 -19.11343104667655 655
1773961664684 -40.15684446537384 656
1773961675969 30.057212845848735 657
1773961688117 3.1684637497566532 658
1773961700353 31.101002843379554 659
1773961712091 12.021897629762963 660
1773961723671 20.76959310792441 661
1773961737415 -13.366603225112335 662
1773961751199 12.952168009968892 663
1773961763990 -10.359484318541298 664
1773961776259 -34.85634518191872 665
1773961789266 31.40319166867309 666
1773961801111 31.41511014875232 667
1773961809215 167.17997415166218 668
1773961814946 -42.66566852660269 669
1773961825990 -4.583534728203221 670
1773961838841 5.096283030956545 671
1773961851986 -28.10793762930721 672
1773961862437 -5.025315100342037 673
1773961877846 -43.643828314451476 674
1773961892960 -8.551999193728877 675
1773961904821 10.522673245731344 676
1773961918431 20.437918847723335 677
1773961930829 20.869726718892473 678
1773961942931 -43.923033934587735 679
1773961956562 -19.79223969729845 680
1773961968328 19.387291410501923 681
1773961976281 172.53520654294798 682
1773961987799 -10.118397323148756 683
1773961999689 -5.9599235217852975 684
1773962012574 2.3740228031231085 685
1773962025264 2.4486125824914455 686
1773962037275 11.312498980767206 687
1773962051351 -8.251886544459587 688
1773962063973 -16.441720075889485 689
1773962072665 149.404325855228 690
1773962085729 -30.79964934276637 691
1773962096935 -19.37687582302488 692
1773962109539 -38.040581086381835 693
1773962121207 -27.473470561676493 694
1773962132960 2.0557102539973613 695
1773962146216 40.31877896979804 696
1773962158634 30.218320150404633 697
1773962171867 1.5218877133486899 698
1773962183858 10.213493136594927 699
1773962196263 -4.662339496794892 700
1773962209516 -5.5938579362539045 701
1773962220759 24.448599307514513 702
1773962232290 168.0374177007232 703
1773962244955 -0.0985074464164789 704
1773962256392 5.038090921149495 705
1773962268987 15.239289951179385 706
1773962280417 40.49752367708111 707
1773962291471 138.92766146405916 708
1773962305432 -20.839788205670988 709
1773962317488 -15.72690530349761 710
1773962329162 32.2268168196729 711
1773962340963 9.234886827764953 712
1773962352537 -9.498764337367502 713
1773962366441 -15.93625287662469 714
1773962378969 8.055689907215042 715
1773962391063 -9.809870322410992 716
1773962404433 0.1520414285661783 717
1773962415774 23.27900628245266 718
1773962428806 -5.923948902828919 719
1773962441012 -9.765931165114615 720
1773962442175 -7.884404007496215 721
1773962454768 -3.8091324566657128 722
1773962467136 10.108934220502853 723
1773962480186 17.544562945747348 724
1773962492667 29.569887742068833 725
1773962505265 -39.36744332105042 726
1773962518921 -1.6132478514946704 727
1773962532019 -10.62760949368324 728
1773962544325 2.5561575225299156 729
1773962558016 -25.663475572313224 730
1773962570044 -27.276338013926274 731
1773962583985 -2.292375192433094 732
1773962595921 19.529649825183522 733
1773962608608 10.057436651918126 734
1773962621277 -34.45458942417668 735
1773962629636 195.03697567858998 736
1773962643295 16.716519618673626 737
1773962655423 -14.002853018055367 738
1773962662548 137.33209142794124 739
1773962676354 -25.99497277679747 740
1773962689838 6.055266173461329 741
1773962702284 4.1155348961954825 742
1773962711814 135.52518623163058 743
1773962724996 38.61640458458325 744
1773962738201 20.317912719180697 745
1773962751306 26.725936863602296 746
1773962762809 -8.647852291683847 747
1773962776156 -8.552588948148216 748
1773962786155 125.67329546659809 749
1773962799700 -4.024152572654477 750
1773962813664 5.612811747958755 751
1773962826549 -3.0921451763395726 752
1773962839092 20.076912030625223 753
1773962850545 5.4984848955073975 754
1773962862638 19.881146034713698 755
1773962874215 -0.09910392875035012 756
1773962887006 -41.228564442404924 757
1773962901067 2.964362443013407 758
1773962906161 -60.909971628093345 759
1773962919120 27.755003168631433 760
1773962931855 -2.746081129381591 761
1773962943782 -11.424690635201696 762
1773962955897 -23.295549555317965 763
1773962969253 31.418555806573334 764
1773962979542 138.77103663228507 765
1773962992311 32.87591215245965 766
1773963005282 59.801069229459046 767
1773963016020 184.21189794843525 768
1773963029774 2.5202675526186487 769
1773963042459 19.085873240541737 770
1773963054627 155.50111492101914 771
1773963067645 14.748344260777763 772
1773963080257 33.00460406499913 773
1773963094172 29.625599522516676 774
1773963106502 -20.57231649434681 775
1773963119689 19.431210396822664 776
1773963131700 -38.69880475590113 777
1773963143536 28.304037415665988 778
1773963157185 -39.30097166624091 779
1773963169107 122.5586592645002 780
1773963176206 213.65865292380659 781
1773963188589 38.196228950361046 782
1773963201261 41.386238361145566 783
1773963213130 33.303127390304105 784
1773963227476 2.329770921838913 785
1773963240049 46.36505476115063 786
1773963254263 -14.051341770148035 787
1773963265023 142.51599051244324 788
1773963277788 22.082348524656673 789
1773963291334 122.95821530039163 790
1773963299954 194.56628683713888 791
1773963313114 51.145961037619614 792
1773963322471 286.31588034865604 793
1773963335604 138.96862792454473 794
1773963349732 2.450209300216031 795
1773963362276 -5.14650433536743 796
1773963374954 3.2357103206794045 797
1773963387724 25.15216413645457 798
1773963399479 36.58803771696628 799
1773963412989 13.687557143008863 800
1773963424081 44.385835834649185 801
1773963437188 13.803784081351345 802
1773963448713 35.25822666387001 803
1773963461302 103.00884723275117 804
1773963476017 17.80392550476198 805
1773963488221 141.55368125181076 806
1773963502720 -15.242698605793052 807
1773963516326 -13.7428499343251 808
1773963530688 9.859998357873407 809
1773963543059 33.969791477854415 810
1773963554324 153.58094740003793 811
1773963563213 146.94324933034045 812
1773963572464 173.98955208360752 813
1773963585753 91.33600783455952 814
1773963594824 173.87548075338304 815
1773963602713 174.69727288908854 816
1773963614571 157.63115368781547 817
1773963626161 25.660814266923943 818
1773963635731 143.23871317399568 819
1773963646985 -10.225940107391114 820
1773963658296 62.48856255640236 821
1773963669602 15.281156643810078 822
1773963680890 -31.438072362804633 823
1773963692381 -15.842580521855417 824
1773963705737 25.103976511924948 825
1773963717738 13.86914397296478 826
1773963730252 42.0525654321481 827
1773963742036 60.28424526581742 828
1773963755489 -6.447691256319026 829
1773963763943 172.94259460849918 830
1773963773647 178.08837418320832 831
1773963785448 3.3616928784783706 832
1773963797513 40.39690026881689 833
1773963808611 175.0941690360622 834
1773963819411 199.06130432681547 835
1773963829172 217.49165741699176 836
1773963838397 143.75931092282354 837
1773963843539 177.98363576349954 838
1773963854536 94.48775169500945 839
1773963862019 180.19761381177008 840
1773963874089 68.31611791098405 841
1773963881871 208.70101975166358 842
1773963891113 175.24914536046737 843
1773963901221 175.62295210029654 844
1773963910252 175.59389942454288 845
1773963917581 220.85429065250986 846
1773963929999 68.81989814480569 847
1773963942255 186.0473575193477 848
1773963954136 130.8424938552767 849
1773963962006 169.77752404903836 850
1773963969992 167.9177555102438 851
1773963979131 205.92809454942204 852
1773963985991 220.4772924212009 853
1773963997305 170.9061538078948 854
1773964004912 198.55170543956731 855
1773964012162 213.4183006674844 856
1773964021148 172.82336355940714 857
1773964028075 189.6980295565526 858
1773964038395 183.69113042073369 859
1773964046413 212.27419602891882 860
1773964052984 205.92295752818455 861
1773964061245 165.90314063999102 862
1773964068284 215.71023011653216 863
1773964081552 40.578966153102435 864
1773964094183 -20.43228315622282 865
1773964103062 204.44051483949244 866
1773964116102 -34.474513469865336 867
1773964126830 184.6312389983116 868
1773964137589 158.5818285087369 869
1773964150485 -5.410365494310216 870
1773964163277 -5.71548670003218 871
1773964171817 228.7237161543589 872
1773964180933 187.54834971381644 873
1773964187716 207.9649422846433 874
1773964196849 166.0094512243034 875
1773964206109 147.11821666554098 876
1773964217680 39.727109157167206 877
1773964229782 26.41858021698503 878
1773964241909 -2.7939386458470357 879
1773964254853 18.663590970614518 880
1773964265581 177.88677148928326 881
1773964275958 172.9452657993087 882
1773964285281 178.22035668059317 883
1773964294792 171.06353894380777 884
1773964304026 138.97903403572622 885
1773964311571 202.56159179645633 886
1773964322563 134.03253089983025 887
1773964331617 193.775041883335 888
1773964341691 176.39123436172923 889
1773964354150 5.847505394238965 890
1773964362137 197.29309234767553 891
1773964369496 209.74647064339857 892
1773964379969 138.40115483215942 893
1773964393391 12.437243965305619 894
1773964405676 129.55605152414606 895
1773964414098 185.87615069856463 896
1773964425061 175.76465986659247 897
1773964432340 146.68094259738876 898
1773964441658 148.021610168265 899
1773964445814 243.07792688138971 900
1773964457237 166.55454254205875 901
1773964466299 218.34307508592366 902
1773964478503 -3.9468130299776365 903
1773964487243 157.57488982533664 904
1773964497825 178.80473634273136 905
1773964507313 203.69081693627788 906
1773964514062 213.06095184619744 907
1773964527641 83.67838972230508 908
1773964541123 -5.95581142000605 909
1773964548793 187.9033411718711 910
1773964555601 213.88594104014334 911
1773964565058 200.08541741507213 912
1773964579644 39.334656007895525 913
1773964584945 250.62444840337815 914
1773964590717 214.56445922795837 915
1773964600049 202.70652766630909 916
1773964609400 177.22831324878226 917
1773964618315 160.36532090202004 918
1773964627596 188.73809280821155 919
1773964637601 129.98154165190303 920
1773964647632 200.70698468003332 921
1773964657474 161.44157284816345 922
1773964664985 159.09581888707538 923
1773964677728 -0.41328401136778936 924
1773964690996 137.50000763180753 925
1773964701078 179.63919495067216 926
1773964714823 24.887744972828113 927
1773964721187 206.16173557046602 928
1773964732484 163.71486711829775 929
1773964745647 -7.2306372865038036 930
1773964757868 18.359436331689103 931
1773964763962 226.31703728954943 932
1773964777350 23.347015019430888 933
1773964788900 161.36728058689818 934
1773964796983 194.7953244760434 935
1773964806511 199.53226119627763 936
1773964816225 180.7030360939263 937
1773964824546 175.7142145376123 938
1773964834455 159.09630302698937 939
1773964841621 210.44662018327207 940
1773964851516 167.63491602834634 941
1773964857945 235.2795822559517 942
1773964868540 171.28508443544575 943
1773964877332 192.5064701231974 944
1773964889690 67.0053083978148 945
1773964902079 54.916268747796295 946
1773964911032 198.0609292346859 947
1773964918460 190.6461660195547 948
1773964932137 64.46152398584233 949
1773964941948 215.71799089947677 950
1773964952465 200.35552343813072 951
1773964960458 226.963687472677 952
1773964970417 198.2339662268654 953
1773964981542 166.96769228592342 954
1773964989069 214.2936140884985 955
1773965001549 180.00057391520704 956
1773965014239 63.51415471121229 957
1773965027418 145.38571980882867 958
1773965041075 72.30853996217967 959
1773965051452 197.34494526700138 960
1773965065073 48.18312742106285 961
1773965078168 212.25538398891038 962
1773965091143 63.22377947382275 963
1773965105578 21.560922658843563 964
1773965118368 178.4846085230124 965
1773965131106 118.08268825251757 966
1773965140558 201.079585693956 967
1773965149702 221.6478175724023 968
1773965164451 83.33291497424428 969
1773965173657 232.41495650666644 970
1773965187980 5.188990464239552 971
1773965201670 107.52030860558449 972
1773965211856 199.54693821831194 973
1773965222372 174.45514110141315 974
1773965232972 254.6993032439567 975
1773965240587 228.9303598280289 976
1773965255141 73.04494366770666 977
1773965264513 199.77577542116597 978
1773965278242 54.0248132513927 979
1773965286844 239.3160187717861 980
1773965297318 211.72389138657059 981
1773965304734 232.27767217351192 982
1773965318585 208.39112183916683 983
1773965326574 192.7968817353405 984
1773965335634 217.36614510385903 985
1773965340199 247.99739941030276 986
1773965353113 112.3553993047917 987
1773965361885 202.43669052936235 988
1773965369573 172.13675805984155 989
1773965379987 239.2796870029643 990
1773965390646 198.52480834366983 991
1773965403106 101.74141474218938 992
1773965416288 206.41628380486142 993
1773965427099 170.3716794288618 994
1773965436416 188.98848067926923 995
1773965444362 227.61258823392373 996
1773965450800 183.15936549954446 997
1773965459241 182.54425803374943 998
1773965468403 199.46786300431424 999
